324 555
246 156
202 308
265 277
100 14
192 88
20 57
282 172
15 204
94 79
209 306
170 311
312 313
320 296
240 108
143 195
259 54
11 103
169 60
299 54
68 72
36 279
121 257
210 283
178 288
310 58
297 260
31 180
75 82
155 122
115 64
106 252
94 152
211 324
142 289
235 112
143 122
211 48
142 310
94 299
86 109
227 34
61 189
305 116
140 177
88 57
191 215
245 289
47 116
234 51
110 219
24 279
57 11
162 61
186 293
63 98
89 298
321 22
18 237
212 16
24 245
163 289
248 142
37 258
114 287
92 229
161 229
260 291
10 143
25 190
193 10
12 154
12 103
168 102
87 315
282 265
202 166
7 295
311 97
156 58
14 95
81 165
225 104
19 144
277 262
193 146
280 76
70 164
255 244
172 71
296 32
176 198
312 116
86 18
274 208
130 271
132 182
265 124
204 64
170 278
236 220
184 129
42 92
173 1
154 261
133 233
257 39
200 162
256 184
3 302
71 118
54 232
148 35
120 145
313 36
248 117
289 82
204 124
191 129
168 307
104 130
143 82
143 93
154 193
152 60
262 4
182 144
253 100
130 298
30 56
160 61
134 184
69 42
315 102
80 184
115 83
2 176
234 44
29 42
181 202
228 214
219 232
73 257
94 173
258 19
139 186
298 50
152 321
107 154
151 71
275 157
111 1
168 18
278 143
187 245
282 103
146 29
222 80
66 99
198 73
303 106
116 26
265 133
265 230
121 77
254 192
22 32
212 68
190 271
36 42
53 63
197 118
28 289
119 258
236 219
300 129
170 104
79 237
68 155
114 33
149 27
298 105
61 116
237 206
8 77
214 281
24 152
220 92
235 266
222 22
248 240
217 85
79 315
237 318
132 99
138 68
220 117
293 73
314 54
78 30
53 296
129 85
63 199
158 234
75 257
47 231
257 100
305 273
254 53
18 285
87 295
57 236
230 129
297 192
119 85
213 91
194 50
201 125
119 181
81 222
80 288
47 173
267 232
111 201
190 309
219 123
232 272
13 257
126 149
113 262
303 266
311 61
111 318
298 86
1 141
113 261
208 217
250 275
215 41
20 267
258 303
287 274
291 115
85 167
208 268
95 21
66 168
259 3
217 290
214 289
7 263
71 179
91 318
207 231
174 81
12 135
216 134
172 188
250 190
244 301
236 178
222 82
202 123
268 210
164 20
62 75
187 287
58 162
44 65
164 281
72 113
274 230
278 187
284 131
31 86
260 246
204 90
276 56
307 256
316 153
133 58
255 260
188 143
270 194
224 297
120 320
168 252
18 126
226 90
222 90
73 270
108 38
48 31
113 280
187 267
272 20
294 100
132 103
122 322
179 103
65 250
28 150
58 124
23 125
105 80
287 238
277 96
107 150
39 22
166 161
317 148
48 143
17 110
69 153
118 15
160 153
260 165
274 316
43 155
46 42
204 197
241 319
80 40
211 213
121 316
243 235
139 103
312 285
250 322
260 40
218 233
258 293
65 189
291 298
319 249
289 179
314 208
30 154
268 174
307 232
129 149
105 60
259 38
313 141
295 277
195 187
249 318
49 187
293 86
217 102
98 302
18 248
226 210
89 322
131 111
323 289
43 295
292 134
278 262
310 37
297 171
284 313
281 276
58 54
11 27
310 157
223 269
1 220
127 229
80 223
56 111
295 159
309 7
311 315
285 194
285 301
87 24
30 147
101 155
294 306
125 11
217 24
53 119
176 54
219 101
3 213
248 78
75 251
58 245
239 77
231 166
120 37
110 315
146 127
302 215
275 228
178 99
235 187
213 38
274 246
25 225
13 48
252 24
267 279
274 184
108 282
182 218
37 190
69 37
19 58
316 132
71 147
35 79
63 65
247 32
86 237
153 217
282 180
190 302
187 247
161 1
117 288
40 175
23 40
268 197
190 119
52 72
82 266
282 124
170 92
102 270
232 307
255 125
98 262
271 58
212 20
51 220
90 243
17 206
271 100
38 228
231 251
188 178
6 273
171 311
64 66
217 9
221 21
32 3
230 6
243 176
242 320
85 154
24 92
181 104
222 214
316 280
187 95
242 78
163 92
211 65
203 251
15 283
4 268
60 190
160 233
79 238
308 258
19 242
113 201
34 258
266 67
276 267
212 157
157 294
49 2
134 136
92 313
235 204
254 131
252 121
229 31
280 11
296 114
263 12
11 246
144 102
194 250
113 288
294 9
279 141
145 12
211 50
223 46
223 90
245 315
291 102
313 108
44 219
212 223
166 272
48 35
94 145
239 312
15 176
17 233
155 116
314 146
250 132
303 52
270 192
87 300
78 175
115 185
20 175
44 178
27 238
69 312
134 205
231 252
167 4
217 18
236 173
69 295
304 99
118 245
216 23
64 217
20 73
277 176
24 2
146 307
79 261
242 38
159 169
216 15
49 138
153 173
268 108
40 176
269 189
94 320
321 245
66 3
294 212
189 59
5 125
156 145
181 11
278 15
301 154
42 41
36 223
262 297
102 304
229 288
